EXP1_direct_communicationnumberOfnodes: 10000
50.0 1000 1 25009.846
50.0 1000 2 25019.85
50.0 1000 4 25040.035
50.0 1000 8 25080.062
50.0 1000 16 25160.094
50.0 1000 32 25320.06
50.0 1000 64 25639.9
50.0 1000 128 26280.045
50.0 1000 256 27559.857
50.0 1000 512 30120.1
50.0 1000 1024 35240.176
50.0 1000 2048 45880.176
50.0 1000 4096 66759.836
50.0 1000 8192 108920.7
50.0 1000 16384 193240.19
50.0 1000 32768 361480.1
50.0 1000 65536 697959.9
50.0 1000 131072 1371314.0
50.0 1000 262144 2718038.5
50.0 1000 524288 5411495.0
50.0 10000 1 25000.979
50.0 10000 2 25001.957
50.0 10000 4 25003.926
50.0 10000 8 25007.887
50.0 10000 16 25015.926
50.0 10000 32 25032.148
50.0 10000 64 25064.139
50.0 10000 128 25127.945
50.0 10000 256 25255.92
50.0 10000 512 25511.957
50.0 10000 1024 26024.121
50.0 10000 2048 27087.908
50.0 10000 4096 29175.848
50.0 10000 8192 33391.85
50.0 10000 16384 41824.17
50.0 10000 32768 58648.305
50.0 10000 65536 92296.53
50.0 10000 131072 159632.61
50.0 10000 262144 294303.75
50.0 10000 524288 563645.3
50.0 100000 1 25000.02
50.0 100000 2 25000.076
50.0 100000 4 25000.305
50.0 100000 8 25000.912
50.0 100000 16 25001.695
50.0 100000 32 25003.17
50.0 100000 64 25006.521
50.0 100000 128 25012.713
50.0 100000 256 25025.467
50.0 100000 512 25051.086
50.0 100000 1024 25102.479
50.0 100000 2048 25208.91
50.0 100000 4096 25417.674
50.0 100000 8192 25839.115
50.0 100000 16384 26682.543
50.0 100000 32768 28364.957
50.0 100000 65536 31729.508
50.0 100000 131072 38463.06
50.0 100000 262144 51930.188
50.0 100000 524288 78864.805
