EXP1_comm_networknumberOfnodes: 10000 Layers:  8
50.0 1000.0 8 1.0 10000 698.49194
50.0 1000.0 8 2.0 10000 1094.304
50.0 1000.0 8 4.0 10000 1955.7773
50.0 1000.0 8 8.0 10000 3515.7427
50.0 1000.0 8 16.0 10000 6798.655
50.0 1000.0 8 32.0 10000 13317.912
50.0 1000.0 8 64.0 10000 26356.43
50.0 1000.0 8 128.0 10000 52293.76
50.0 1000.0 8 256.0 10000 104401.26
50.0 1000.0 8 512.0 10000 208383.4
50.0 1000.0 8 1024.0 10000 416464.16
50.0 1000.0 8 2048.0 10000 832881.75
50.0 1000.0 8 4096.0 10000 1665484.1
50.0 1000.0 8 8192.0 10000 3330875.0
50.0 1000.0 8 16384.0 10000 6661703.5
50.0 1000.0 8 32768.0 10000 1.3323082E7
50.0 1000.0 8 65536.0 10000 2.664586E7
50.0 1000.0 8 131072.0 10000 5.3291676E7
50.0 1000.0 8 262144.0 10000 1.06583312E8
50.0 1000.0 8 524288.0 10000 2.13166432E8
50.0 10000.0 8 1.0 10000 139.69838
50.0 10000.0 8 2.0 10000 162.98145
50.0 10000.0 8 4.0 10000 279.39676
50.0 10000.0 8 8.0 10000 465.66125
50.0 10000.0 8 16.0 10000 721.775
50.0 10000.0 8 32.0 10000 1396.9839
50.0 10000.0 8 64.0 10000 2700.8354
50.0 10000.0 8 128.0 10000 5308.5386
50.0 10000.0 8 256.0 10000 10523.945
50.0 10000.0 8 512.0 10000 20954.758
50.0 10000.0 8 1024.0 10000 41699.97
50.0 10000.0 8 2048.0 10000 83353.37
50.0 10000.0 8 4096.0 10000 166613.6
50.0 10000.0 8 8192.0 10000 333134.06
50.0 10000.0 8 16384.0 10000 666221.56
50.0 10000.0 8 32768.0 10000 1332443.1
50.0 10000.0 8 65536.0 10000 2664653.5
50.0 10000.0 8 131072.0 10000 5329211.0
50.0 10000.0 8 262144.0 10000 1.0658382E7
50.0 10000.0 8 524288.0 10000 2.1316764E7
50.0 100000.0 8 1.0 10000 93.132256
50.0 100000.0 8 2.0 10000 93.132256
50.0 100000.0 8 4.0 10000 93.132256
50.0 100000.0 8 8.0 10000 93.132256
50.0 100000.0 8 16.0 10000 139.69838
50.0 100000.0 8 32.0 10000 183.35413
50.0 100000.0 8 64.0 10000 325.9629
50.0 100000.0 8 128.0 10000 651.9258
50.0 100000.0 8 256.0 10000 1094.304
50.0 100000.0 8 512.0 10000 2142.042
50.0 100000.0 8 1024.0 10000 4237.5176
50.0 100000.0 8 2048.0 10000 8378.992
50.0 100000.0 8 4096.0 10000 16717.242
50.0 100000.0 8 8192.0 10000 33434.484
50.0 100000.0 8 16384.0 10000 66671.06
50.0 100000.0 8 32768.0 10000 133318.84
50.0 100000.0 8 65536.0 10000 266521.28
50.0 100000.0 8 131072.0 10000 532996.0
50.0 100000.0 8 262144.0 10000 1065898.9
50.0 100000.0 8 524288.0 10000 2131751.0
